14
,
0
,
-1
,
0
,
0
,
-1
,
0
,
0
,
0
,
0
,
0
,
-1
,
0
,
0
,
-1
,
0
*
-1
*
0
,
0
*
0
,
0
,
-1
,
0
!
0
*
0
,
0
*
0
^
0
,
-1
,
0
,
0
,
0
,
0
,
0
,
0
,
0
,
0
,
0
,
0
,
0
,
0
*
0
,
0
,
-1
,
0
!
0
,
0
,
0
!
0
,
0
,
0
,
0
^
0
,
0
,
0
!
0
,
0
,
-1
*
0
,
0
*
0
,
0
^
0
^
0
,
0
,
0
,
0
,
0
,
0
,
0
,
0
,
-1
,
0
,
0
*
1
,
0
,
1
^
1
,
0
*
0
,
0
,
0
,
0
,
0
,
0
,
-1
,
1
*
-1
,
1
,
1
,
-1
,
0
,
1
*
0
,
0
,
0
,
0
!
0
,
0
,
-1
,
-1
,
1
*
1
,
1
,
1
,
1
,
1
,
-1
,
1
^
0
,
0
,
0
,
0
,
-1
,
-1
,
1
!
1
,
1
,
1
!
1
*
1
,
-1
^
1
,
1
,
1
,
0
,
0
,
-1
,
1
,
1
*
1
,
1
,
1
*
1
,
1
,
1
,
1
!
1
,
1
,
0
,
0
,
-1
,
-1
,
1
*
1
,
1
,
1
,
1
,
1
,
1
,
1
,
1
^
1
,
1
,
-1
,
-1
,
-1
,
-1
,
1
^
-1
,
1
,
1
,
1
,
1
,
1
,
1
,
1
,
-1
,
-1
,
-1
,
-1
,
-1
^
-1
^
1
,
1
,
1
!
1
,
1
,
1
,
1
*
1
,
-1
,
-1
,
-1
,
-1
,
-1
,
-1
,
-1
,
1
,
1
,
1
,
1
,
1
,
-1
,
-1
,
-1
,
-1
15
W
0
12
8
3
3
2
W
0
11
7
3
3
2
W
0
10
6
3
3
2
W
0
11
5
3
3
2
W
0
13
7
3
3
2
W
0
12
3
3
3
2
W
0
8
1
3
3
2
W
0
8
3
3
3
2
W
0
2
3
3
3
2
W
1
11
8
3
3
2
W
1
11
9
3
3
2
W
1
10
8
3
3
2
W
1
3
8
3
3
2
W
1
6
8
3
3
2
W
1
7
12
3
3
2
2
Keynes
618
5
0
5
3
Keynes
10
251
32
8
0
2
3
Keynes 2
10
144
23
6
0
8
1
Keynes 3
8
208
28
4
0
12
3
Keynes 4
8
116
27
5
0
12
6
Keynes 5
8
7
25
2
Peter
757
4
1
3
8
Peter
10
182
24
7
1
6
8
Peter 2
10
113
30
8
1
10
9
Peter 3
7
107
24
4
1
7
12
Peter 4
8
49
30
3
